 2756
 3134
 1780
 4562
 5405
 2821
 1883
 2980
 4820
 5901
 1531
 4863
 9858
 8824
  668
 2147
 5851
 6946
 2961
 3551
 8273
 2124
 7950
 3331
 9145
 6393
 2223
  995
 8301
 8384
 9419
 5768
 7246
 9486
 5069
 1479
 4309
 9021
 1899
 1634
 3007
 7996
 4024
 4595
 7427
 4621
  973
 2150
 2569
 9834
 5890
 2042
 8329
 5583
 4757
 9684
 1715
  676
 1526
 9744
 2930
 8444
 6608
 4521
 5347
 2125
 4341
 5512
 8804
 8130
 6274
 1817
 3697
   88
 3867
 6595
 6463
 6758
 8643
 9937
 3708
 6801
 3613
 1984
 7320
 4722
 7365
 2625
 9099
 2008
 6377
 4600
  426
 2392
 9709
 3170
 5592
 8972
 6433
 9113
 3307
  566
 9913
 1783
  222
 6437
 9234
 4807
 5654
 5160
 9130
 1510
 3843
 8976
 7597
 2575
 7978
 1243
 1228
 2185
 6904
 8498
 5227
 8894
 3803
 7744
 5173
 4142
 2794
 7646
 4117
 6565
 6964
 8928
 9745
  362
 3552
  107
 2919
 5478
 6189
 7598
 9322
 9661
 6535
 7134
 7218
 2928
 7638
 2709
 3247
 3203
 9274
 4151
 2373
 4038
 7349
 8962
 5251
 9560
 4443
 1019
 6161
 3601
 7927
 2307
 6167
 3576
 6841
 3716
 5152
 7384
 7710
 7151
  837
  524
 1280
 3204
 6251
 7836
 6703
 8867
 2925
 1947
 4649
  491
 1484
 1758
 6455
 9588
 3026
 4561
 8002
 4363
 4941
 7886
 4788
 5806
 8033
  179
 1855
 5962
 1205
 1237
 2192
 1873
 6458
 2751
 2135
 9928
 1081
 6338
 9771
 4756
 9446
 5297
 2799
 8469
 5252
 1158
  488
 8265
 2923
 4494
 5636
 3899
 4244
 9776
 4589
 8148
 6897
 9162
 6860
 2347
 7374
 8709
 4869
 7776
 7968
 5052
  599
 6673
 4236
 2816
 9074
 5689
 6853
 8209
 6718
   96
 6854
 5995
 8475
 4248
 1295
 8264
 8133
 2738
 9120
 7138
 4433
 2386
 6656
 8540
 5124
 5184
  947
   53
 8219
 4532
 2380
 1786
 9623
 4508
 5355
 2053
  509
 3983
 6577
 2634
 4018
 2842
 2581
 8640
 3869
 1752
 7387
 8936
 5158
 1117
 3678
 8550
 3195
 9166
 2940
 9693
 4662
 7301
 6042
 7592
 7880
 3866
  224
 7334
 5617
 9245
 1657
 7615
 7456
 4400
 8225
 1570
 6934
 1378
  468
 8857
 2297
 2579
 4593
 1005
 1695
  764
 4763
 5219
 6012
 8109
 4917
 5192
 2784
 8831
 5345
 9767
  784
 4907
 1455
  419
 7413
 2006
 8314
 2413
 2999
 8618
 8631
 4930
 7859
 8790
 4801
 8343
  780
 9876
 1876
 2731
 2346
 6144
 6146
 9461
 3050
 3934
 1391
 2068
 1085
 1970
 6051
 4912
 4573
 4130
 8102
 5322
 4223
  453
 6926
 6649
 6374
 3702
  390
 3447
 5658
 1345
 8126
 4837
 8190
 2038
 7758
  708
 1483
 1879
 2615
 9407
 4511
 3365
 5749
 8938
 7831
 7314
  621
 4518
 6495
 4416
 4343
 6965
 9183
 4349
 4601
 2306
 8501
  619
 1357
 7164
 8201
 9985
 9469
 5204
 3346
 3325
 9175
 3809
 2797
 6006
 8897
 7029
 5655
 1225
 2513
 2498
 9685
 1590
 7919
 9468
 7965
 8884
  158
 9165
 5107
 4028
 9683
 8428
  773
 4371
 7848
 2144
 1770
 3053
 9141
 4718
 1218
 7380
 9791
 4635
  496
 6935
 3683
 8490
 8524
 6916
 2318
  713
 3017
  360
 7123
 6418
 8678
 1845
 4131
 2936
 7080
 2050
 7272
 8834
 7918
 3312
  564
 4664
 7286
 7252
 9802
 4669
 9458
 1109
 1045
 7746
 5145
 8672
 8575
 4696
 6838
 5684
 2806
 1838
 6307
 1252
 8652
 4974
   91
 9597
 7674
 2790
 7071
 3626
 8170
 5856
 9548
 6304
 8435
 9312
 4690
 3500
 5633
  136
   64
 3154
 9294
 5685
 6079
 7521
 9888
 5016
  235
 3077
 3860
 4359
 4146
 9215
 7423
 3066
 6380
 3992
 4111
 1179
 3641
 9784
 4989
 7236
 9237
 6250
 8797
 1762
 8769
 9814
 6184
 6667
 5781
 7421
 5735
 7694
 1287
 5071
  593
 9314
 9075
 6181
  634
 7445
 7920
 2118
 2034
 2304
 1661
 1575
  469
 5321
 5238
 7572
 8220
 6635
 2319
 2407
 5598
 5713
 1750
 9124
 5203
 2534
 2219
 5686
 5497
 1478
 2894
  893
 6130
 9552
 4084
 4147
 3183
 8886
 6294
 1548
 9508
 2067
 4017
 3529
 6645
 8312
 8183
 8990
 1147
  260
 3748
 7177
 9657
 2931
 1621
  277
 3083
  772
 6790
 9029
 8981
 9820
 4101
 4294
  146
 3881
  946
 4106
 6810
 4957
 2308
 6816
 6813
 5055
 3449
 9025
 5880
 5797
 2670
 6176
 5663
 9204
 5859
 7290
  592
 6132
 6650
 7558
 6088
 2918
 2103
 5262
 2172
 5103
 9720
 6737
 4009
 1254
 6265
  863
 1317
 3930
 7753
 3252
  565
 1500
 2865
 5496
 4721
 2600
 8403
  102
 2829
 9110
  226
 7459
 6826
 2558
 9941
 9906
 7877
 6345
 7063
 8087
 1839
 2372
 1313
 8536
 3785
 5534
 3986
 5793
 7197
 8216
 8694
 9644
 6329
 7924
 5028
 6568
 7872
 6253
 7861
 5326
  896
 4196
 4789
 3695
  214
 6590
 3411
 3166
 1095
 3455
  624
 4865
 6065
 1740
 2294
 8615
 1974
 2965
 9951
 3332
 7618
 8799
 9480
 5422
 7293
  159
 9243
 1355
 8773
 8018
  557
  597
 1806
 5804
 3565
 2079
  969
 6819
  163
 6399
 3901
 4694
 9369
 3001
 6869
 2393
 2455
 3040
 5602
 3310
 1673
 7311
 3076
 5363
 1116
 2617
 1061
 5057
  531
 6021
 5279
 2875
 5070
  573
 9158
 3114
 5729
 5194
 3251
 7939
  232
 9196
 1072
 9861
 3024
 3676
 8210
 2802
 9746
 4849
 8621
 7489
 2542
 7482
  699
 8431
 7143
 9729
 3790
 3728
 2056
 4364
 3081
  616
 3184
 9779
 8677
 4197
 9559
 4143
 4303
 3717
 8040
 5102
 1016
 1149
 6698
 2335
 1798
 1404
 1822
 6694
 4634
 9950
 5582
 3605
 8284
 5413
 7582
 4779
  675
 8535
 9908
 8361
 6875
  570
  275
 9090
  106
 7757
 1168
 7704
 5404
 6010
 8117
 8374
 7713
 6562
 8399
 5622
 2948
 4568
 9602
 9743
 6905
 4993
 8786
 7005
 6200
 6586
 6641
  622
 4840
 1112
 7879
 6644
 3932
 2039
 4023
 9324
 7285
 3816
 9033
 3123
 2765
 3437
 8336
 5043
 5168
 8887
 9430
 7814
 6441
 9566
 7993
 1079
 1623
 1401
 1437
 3616
 5945
 8868
 1040
 2173
 1850
  944
 5876
 2635
 5825
 2713
 5776
 1290
 6778
 5374
  399
 5770
 8367
 5563
 4654
 5079
 5639
 2818
 2234
 4746
 6700
 3237
 6843
 8128
 9223
 5681
 3085
 1221
 4240
 7019
 8268
 5403
 3490
 5240
 1217
  875
   77
 6754
 2724
 7524
 9268
 5201
 4243
 6936
 5485
 3501
 4724
 6992
 6382
    3
  296
 4415
 8064
 2004
 4119
 6930
 6687
 9182
 3782
 1308
 2975
 3864
 1611
 4873
 7157
 5009
  586
 8502
 1613
 4852
 1460
 5877
 3316
 9830
 7247
  777
 6850
 3664
 9857
 3739
 3675
 7608
 9233
 4901
 1230
  770
 5359
 5098
  326
 8299
 2728
 3262
 8436
 3976
 4541
 3118
 5757
 5290
 5373
 2255
 7651
 1174
 7635
 8507
 7047
 3147
 6187
 6260
 4543
 9260
 8516
 2055
 7381
   26
 6540
 8815
 2803
 3742
 9555
 9573
 4796
 9570
 9390
  641
 4850
 1649
 7926
 8768
 6405
 7424
 3089
 7781
 1633
 5206
 5733
 4228
 9501
 2182
 3686
 8586
 7961
 8417
 2826
 7665
 6211
  890
 7931
 6999
 8551
 1912
  515
 6998
 1713
 6584
 7263
 7101
 8142
 5078
 8916
 1199
 9579
 8829
 9938
 3330
 5587
 4085
 3412
 6563
 2554
 6089
 4778
 2872
 7624
 4279
 2486
 7622
  928
 3590
 5954
 7010
 8046
 8700
 9177
 6525
 3682
 5970
 8732
 4795
 4479
 6197
 5402
 3607
  935
 1869
 9163
 4099
 5905
 5462
 2530
 4856
 7359
 3273
 4678
  181
 5270
  455
 2217
 6403
 2843
 8946
  971
 9046
  779
 3883
 4936
 3318
 6002
 4321
 4964
 6613
 1202
 4582
 9049
 9482
 2094
 3892
 2363
 5558
 9893
 7897
 5545
 3305
 6920
 1760
 9635
 7375
 3383
 8075
  828
 4587
 2493
  406
 4903
 9273
 4377
 7775
 2179
 7103
 4655
 3023
 3359
 7248
 9435
 3917
 3553
 1108
 6208
 1943
 7881
 8199
 4498
 4175
  317
 7038
 8720
 3775
  765
 8817
 2233
 6954
 8581
 6593
 9146
 4490
 5682
 2216
 6814
 4037
 3102
 4404
 6112
 7433
 5789
 4575
 3655
 6670
 5059
 1893
 1941
 4394
 5623
 7532
 7606
 1397
 4357
 4633
  905
 8973
 7895
 7613
 9011
 8875
  510
 9582
 6439
 2114
 1305
 8617
 6143
 8465
 3831
 9806
 6318
 1692
 5940
 3959
 7948
 5562
 7078
 3041
 4210
 7943
 7219
 8375
 2608
 8006
 6364
 6336
 8393
 2045
 9156
 1653
 3158
 4670
 7553
 2285
  215
 4088
 5731
  114
 9176
 1744
 6960
 1314
 5631
 2073
 8839
 5955
 1506
 4637
 2439
 1888
 2539
 5838
 4408
 3002
 9730
 2331
 2868
 1591
 8334
 2640
 7077
 3456
 7060
 2673
  542
 5650
 5509
 8510
 6955
 4209
  173
 7668
 4859
 5427
 5934
 3486
 7491
 6409
 7052
 8679
 9405
 9848
 3233
 9604
 3457
 3415
 4256
 8173
 1738
 2121
 4738
 4424
 4528
 6471
 2429
 2058
 3896
 2268
 4539
 3745
 5177
 7639
 2451
 7878
 6985
 4579
 9082
  769
 4975
 1041
 9615
 6398
  976
   63
 5999
 7786
 3286
 2259
 1904
 5142
  826
 3297
 6537
 5703
 7617
 4413
 5041
  895
 9239
 7768
 5907
 2651
 9999
 6745
 1232
 2795
 5003
 2269
 3653
 2011
 1444
 2847
 4555
 3150
 2275
   95
 2130
 9801
 7658
 3100
  607
 1176
 2123
 2648
 1517
 2426
 3045
 7306
 9320
 4835
   69
 5233
 9952
 1399
 7474
 7012
 2345
 9527
 3067
 2271
 2497
 8866
 5432
 5688
 4399
  189
 7517
 4876
 2796
 4285
 5064
 8902
 2500
 3164
 3751
 8145
 3623
 4403
 1811
 8153
 5080
 7603
  502
  152
 2566
 2052
 6464
 3549
 9470
  831
 5727
 7073
 9902
 7132
 6218
  727
 7929
 1485
 9386
 7414
 5026
 5360
 8620
 2637
 6035
 4218
 9003
 6914
 9656
 1489
 8787
 1163
 9844
 6610
  953
 8651
 7541
 9739
 5155
 3993
 2540
 8015
 1725
 1114
 4342
 3190
 9580
 1196
 1639
 6927
 4558
 7497
 1224
 3244
 1055
 9036
 5248
 3798
 2574
 2266
 8107
 5340
 5741
 6938
 8196
 4225
 3079
 5526
 9706
 3656
 7199
 5554
  958
 7392
 2151
 7855
 8146
  347
 2593
 8758
  742
 1761
 1087
 8410
 4154
 3836
 3972
 6278
 3294
 9872
 6918
 4419
 8718
 2352
 8858
 8610
 7089
 6691
 1418
 5855
 8348
 5349
 8982
 3849
 4376
 4319
 6564
 5067
 4029
 3572
 7584
 2368
 9568
  633
 1403
 5467
 1714
 3078
 8371
 5325
 8554
  247
 1265
 3632
 4053
 9040
 6844
 3858
 4967
 9581
 9374
 5132
 4092
 1181
  143
 1670
 8253
  287
 4915
 7733
 9015
 5521
 7277
 3256
  631
 7237
 6980
 3105
 2854
 8753
 8761
  212
 1347
 8513
  574
 3940
 3650
 6945
 3975
 8165
 5816
 1346
 3715
 1425
 3209
 2742
 7251
 4775
 8392
  395
 7345
 4806
 6104
 8476
 2700
 3241
 1801
 2241
  991
 3755
 3544
 5586
 9641
 8656
 1496
 8626
 4482
 8544
 3943
 3637
  237
 9593
  977
 9863
 5712
 6007
 4692
 1884
 8542
 2632
 3850
 8294
 8405
 6742
 2030
 7779
  608
 1654
 5565
 4972
 4027
 6766
 2060
 9510
 8791
 1625
 1593
 1023
 5572
 9886
 3903
 4440
 4813
 8726
 2443
 3935
 5656
 8812
 1167
 8571
 9187
 7305
 9326
 4804
 8292
 9462
 4083
 3072
 9947
 7765
 1935
 9855
 5920
 9996
 9946
 2598
 5253
 2601
 1552
 9705
 5885
 2933
 9434
 3395
 3924
  923
 8527
 8703
 4162
 7527
 2463
 4484
 6775
 8159
 9409
 8779
 8649
 2469
  333
  371
 3690
 6043
 4235
 6388
  425
 9067
  738
 6665
  871
 7557
 2186
 4242
 4374
 3851
 9562
 7412
 8326
 4189
 6416
 2402
  249
 4688
 9412
 5706
 8658
 3701
 7397
 1375
 2031
 2897
 8583
  926
 4463
  710
 3643
 9379
 5903
 7772
 8506
 1191
 3073
 1302
 5910
 1182
 4320
 2194
 8796
 4627
 3560
 1525
 2920
 5109
 7259
 2675
 6550
 3666
 8737
 4547
 1428
 4618
 4272
 4020
 3442
 8161
 1008
 3146
  344
 8999
 1164
 2789
 7163
 6386
 2063
 5519
 6479
 9578
  579
 4450
  118
 9677
 1901
 7769
 7437
 4396
 5916
 6273
 8168
 5661
 9210
 7662
 5974
 5047
 5845
  450
 4564
 3112
 7628
 1638
 6606
 8248
 3125
  439
 3356
 9877
 1386
    5
 3004
 6762
 1562
 4414
 1335
 8156
 7167
   60
 5745
 7648
  346
  174
 4124
 4918
 1126
  731
 7681
 8019
 3092
 5795
  925
 2662
  988
 8217
 1338
 7022
 4384
 9851
 1878
 2343
 2712
 4550
 1848
 9142
 4274
 5548
 6751
 2960
 4517
 1964
 3963
 1669
 1154
 1954
 9798
  506
 5840
  157
 5963
 7348
 9102
 2661
 7195
 8344
 8477
 6018
 6647
 7223
 7464
 7599
 8846
 8257
 9774
 5000
 9647
 3569
 6612
   75
 7774
 1686
 1814
 3321
 8096
  394
 9010
 1102
  433
 7844
 8908
 7238
 4381
 7790
 5788
 8141
 7533
 6874
 1131
 5061
 8971
  656
 6769
 9085
 4188
 5466
 1967
 1723
 9662
 1376
 8457
 3186
 7854
 8166
 4127
 8174
 7507
 7426
 1099
  730
 6907
 9606
   87
 5247
 3062
 3830
 6287
 4938
 6297
 3533
 1524
 9918
 9353
 4132
 8723
 2174
 4862
    4
 9533
 8353
 7339
 1940
 7516
 4685
 8970
 4982
 2819
 7666
 8692
 5271
 3160
 7626
 9447
  600
  487
 1398
 5239
 3274
 6488
 3454
 6900
 4950
 7921
 6588
 5644
 3031
 1708
  783
 8606
  170
 6147
 2274
 6967
 5293
 4402
 5580
 8426
 7522
 4278
 6114
 9249
 6506
 6741
  585
 7640
  318
 7440
 5162
 1769
 2788
 6011
 8625
 6642
 9914
 3019
  369
 6706
 5929
  537
 7487
 6846
 7304
 1547
 1576
 7589
 3229
 4933
 8402
 1036
 1982
 3029
  475
 1381
 5546
 6659
 6448
 4281
  661
 3180
 1712
   38
 3128
 5815
 5415
 3145
 7083
 1065
 2676
 6570
 3583
 3084
 3480
 8864
 3122
  550
 5197
 2679
 2582
 6210
 7162
 7562
 1184
 3375
 9655
 9714
 8727
 9764
 5831
 1200
 3521
  852
 6733
 7233
 9401
 5073
 9944
 7902
 9809
 5365
 7695
 4166
 3245
 1612
 5390
 2580
 3259
 6707
 3169
 3692
 5244
 6662
 4519
 2369
 6361
 3152
 2190
 3248
 8534
 4955
  981
 4505
 9964
 1751
 1195
 8409
 9763
 1162
 4948
 2317
 1969
 5476
 1415
 9926
 5843
 3681
 9335
 8101
 7032
    6
 8572
 7471
 3130
 2293
 7350
 4316
 2072
 4307
 3333
 8114
 3435
 3479
 7566
 5829
  354
 7986
 1962
 8701
 1556
  444
 3489
 4100
 3829
 9072
 2591
 3928
 3462
  233
 4769
 2506
 6510
 9473
 7431
 9228
 1078
 9310
 1047
 7215
  103
   41
 4148
 9535
 9664
 1344
 3280
 9487
 6225
 9365
  567
 2059
 7675
 3872
 4072
 8926
 6138
 6164
  121
 8048
  539
 8927
 9653
 8164
 5250
 8877
 9125
 1976
 8235
 4883
 3337
 4163
 4125
 4006
 3581
 8898
 5506
 4784
 8682
 1084
  989
 4373
 2626
 5209
 2681
 7404
  115
 6436
 1274
 7736
 6901
 1691
  336
 6835
  582
 5754
 5489
 1841
 1595
 4830
 3363
 2066
 4385
 7460
 2245
 3222
 9222
 2070
 8443
 8724
 1441
 5863
 8762
  960
 8859
 3191
 5510
 1039
 9878
 3028
 9807
 5439
 8781
 3721
 2586
  954
 3833
 5420
 5475
 3838
 5675
 4687
 6325
 3071
 4492
 4332
 4770
 3863
 6311
 7407
 5889
 3994
 5237
 8420
 4717
 4572
 1642
 9432
 1652
 3219
  364
 8823
  908
 8271
 7135
 6527
 9411
 6692
 2495
 4689
 1471
 3758
 3420
 2069
  186
   92
 9422
 4298
 2257
 4537
 5604
 3225
 6054
 2397
 1458
 8400
 5214
 2210
 1211
  398
 6815
 3074
 1304
 3546
 1731
 2113
  842
 7422
 9969
 5543
  620
 3942
 3969
 4836
 1651
 9659
  345
 6129
 3418
 3299
 3156
 3407
 9271
  739
 9304
  612
 9775
 7420
 5867
 7008
 7336
 7601
 6748
 4158
  422
 8009
  404
 8766
 9701
 9316
 1596
   16
 9787
 6417
 6229
 8774
 2224
 2325
  886
 1535
 3534
 3108
 2720
  123
 2359
 5925
  980
 8521
 4183
  342
 6677
 4570
 9247
 7191
 3348
 9596
  941
 2705
 8840
 4646
  810
 1119
 5679
 5849
 8446
 8035
 9671
  169
 4487
 3429
  525
 9368
 5338
  231
 8988
  470
 4620
 4046
 5751
 9455
 5161
 2515
  807
 7493
 4392
 2612
 9490
 5553
 7684
  378
 1824
 7766
 2183
 7245
 9287
 1988
 3290
 4616
 5544
 4261
 7228
 4611
 9515
 4594
 2850
 1530
 4344
 7953
 1671
  188
 5998
 4049
 6558
 4388
 8226
 7337
 2084
 1248
 7734
 3599
 7587
 1383
 3538
 3039
 1703
 9331
  805
 1382
 4752
 7234
 5841
 8665
 7992
 2970
 2777
 3034
  794
 7323
 6367
 8763
 6423
 5076
 5474
 9105
 9382
 1332
  606
  862
 6975
 5232
 7925
 4631
 5969
 5716
 8177
 3837
 6828
 5637
  819
 6767
 7085
 4042
 8892
 7866
 2425
 2136
 1155
 5380
  427
 8335
 5576
 1753
 4681
 1082
 8953
 5215
 1659
 4470
 2911
 4980
 7106
 8691
 6206
 3027
 3848
 6624
 1282
 3516
 9489
 9929
 4395
 9232
 2492
 9712
 3989
 4499
 2487
 8683
 6598
 8862
 5317
 3059
 9476
 2552
 8587
 5470
  117
 9012
 7957
 2668
 9404
  626
 8376
 5257
  177
 2029
 1369
  812
 4393
 5312
 1553
 7771
 3890
 4426
 4140
 9478
 7647
 4639
 9442
 6157
 8561
 6081
 3063
 2614
 3787
 7742
 1993
  883
 1159
 8963
 2686
 5090
 6213
  776
 3279
 2596
 6244
    1
 2442
 7591
 1509
 7581
 8629
 5799
 5093
 8711
 8919
 5430
 6363
 2822
 6407
 4605
 5861
 3148
 5423
 8599
 1706
 1409
   73
 2099
 7748
 4447
 5750
 1920
  753
 1303
 2823
 6232
 6654
 1805
  724
 4369
  743
 6602
 8497
 5879
 2711
 8573
 9338
 6056
 8104
 4569
 9980
 6303
 1424
 6651
 7723
 7014
 9396
 4977
 9451
 4742
 7400
 2342
 3277
 5664
  300
 1788
 9020
 7310
 3398
 2036
 6621
 8416
 7883
 4152
 8873
 8204
 7351
  478
 4660
 9992
 4353
 2430
 8756
 9975
 9340
 4744
  337
 1637
 6059
 6080
 1807
  623
 8991
 2421
 2427
 2371
 4571
 4115
 6145
 6865
 4184
 5170
 8007
 7985
  684
  263
 9272
 7809
 1953
  974
 1324
 1371
 8950
 9971
 1620
 7208
 6871
 4082
  441
 1139
 5309
 2602
 2959
 8663
 7294
 8205
 9056
 2197
 8021
 8956
 7378
 9193
 1327
 8415
   37
 2953
 1448
 3754
 4970
 9352
 3861
 9736
 5525
  309
 7909
  350
  477
 3022
 9264
 5458
  240
 3862
 3757
 6701
 2341
 6604
 9306
 7503
 9116
 3119
 2180
 7212
  982
 2764
 1928
 4457
 9674
 1871
  771
 8782
 5699
 1775
 7061
 5878
 4295
 3253
 3658
 9506
 5805
 6371
 3982
  788
 1452
 9318
 7884
 4308
 2399
 2627
 2551
 9523
   65
 4201
 8603
 5891
 2550
 7571
 1925
 3780
 2014
 4273
 7158
 1754
 4305
 8591
 4786
 6202
 9052
 8865
  609
  255
 1353
 5862
 8836
 8537
 9311
 5298
 8728
  729
 3428
 4312
 8318
 3386
 1849
 1059
 4732
 8231
 8913
 4245
 5771
 6811
 1331
  508
 7555
 3731
 4673
 5585
 6987
 4157
 3285
 2133
  878
 4014
 1133
 1958
 6991
  838
 9363
 2159
 3694
  901
 5782
 4012
    7
 9748
 6419
 5951
 8955
 3175
 2798
 6234
 3522
 9437
 9962
 6254
 4791
 7396
 6781
 2576
 7410
 8619
  104
 2193
 8124
 5033
 2684
 8480
 3323
 4880
 2279
 6321
 8494
 6039
 3977
 9185
 6596
 7090
  167
 3913
 3338
 4074
 3044
 4202
 9769
 2238
  514
 1491
 4478
 2983
 2015
 6209
 1902
 3197
 2560
 2846
 5758
 6591
 7816
 9522
 9089
 4792
 7435
 7605
 9880
 2273
 1053
 3662
 2472
 8338
 6529
 3652
 8333
 1470
 3854
  288
 5108
 5358
 5740
 6105
 7039
 7552
  965
 6190
 1488
 6360
 2023
 5601
 8082
 7894
 8539
 3344
 2037
 5895
 1895
 1291
 6789
 6773
 9563
 4299
 2650
 4057
 7545
 7813
 1866
 1626
 6720
 4773
 9576
 6777
 4954
 8745
 4160
 3602
 4251
 7081
 7192
 3801
 6696
 9651
 6823
 8063
 3506
 1834
 9485
  138
 7731
 1156
  171
 9751
  228
   58
 7377
 1989
 1434
  187
 7481
 9894
 8283
 4417
 4821
 6782
  644
 1870
 5174
 3920
 1236
 1549
  698
 7669
 9229
 5784
 4453
 7526
 3272
 8622
 1370
 6560
 6245
 1492
 4058
 4336
 6476
 8472
 6179
 2499
 5743
 4725
 2532
 6605
 6970
 2986
  672
 6957
 3726
 3819
 5409
 9704
 9178
 9206
 9870
 5627
 6027
 8954
 7938
 7722
 5419
  975
 5828
 7291
 8043
 8351
 4258
 9601
 2974
 1394
 2966
 3390
 4059
 6603
 2200
 4104
 3133
 4889
 6046
  137
 2529
 8310
 1584
 1905
  990
 1948
 5487
 5393
 3562
  248
 6001
 2663
 6520
  571
 7193
 8689
 8849
  720
 7782
 3043
 4207
 9703
 6316
 4546
 9450
 7069
  939
 6449
 7702
 1745
 3503
 8243
 1146
 6943
 4173
 3627
 7319
 4803
 6344
 7390
 6412
 2874
 7740
 8308
 4191
 1192
 1183
 3187
   99
 9879
 5122
 5029
 3805
 4171
 5276
 4703
 8593
 6726
 9315
 8503
 8230
 1554
 4323
 5571
 3555
 9212
 3357
 7983
  192
   98
 2040
 1551
 4410
 8712
 2321
 7576
 4107
 8391
 8657
 4878
 7110
 3340
  797
 8432
 3463
 3665
 5943
 2115
 7729
 9719
 6554
 2361
  640
 7586
 4301
 6581
  200
  560
 7496
 2061
 6063
 1330
 4297
 4553
 8800
 4613
 2697
 9098
 9498
 1301
 7224
 2106
 8456
 7227
 6390
 6174
 4437
 5337
 1105
  655
 7271
 5538
 2559
 7411
 5657
 6093
 9005
 3579
 7804
 4739
 1955
 6984
 3030
 2003
 6286
 5900
 3494
 5643
 5641
 9517
 2012
 3647
   51
 9037
  885
 6196
 3756
 1699
 5904
 3633
 6989
 1707
 1238
 2774
 8024
 7955
  804
 7284
 6171
 3011
 7486
 7937
 8383
 8365
  374
 9425
 5492
 7979
 5589
 7796
  499
 6942
 6981
 9666
 8511
 7975
 4923
 6617
 4420
 3671
 9741
 5445
 3381
 5141
 1561
 7425
 3487
  193
  432
 2108
  154
 3206
 4586
 9066
 5774
 2884
 3765
 5449
 1810
 2315
 8211
 4554
 5921
 5435
 1130
 4379
 5812
 6661
 1635
  847
 9170
 2886
 6517
 8505
 8635
 6154
 7187
 7243
 8401
 7273
 3476
 5527
 7417
 4847
 6881
 3240
 3303
  830
 2817
 4737
 9038
 4848
 5690
  415
 9417
 7719
 6166
 2649
 8280
 3707
 2889
  295
 3539
 2277
 6961
 3832
 8440
  245
 4108
 3189
 8870
 2839
 1568
 8623
  490
 3688
 4047
 2509
 1049
 9571
 8106
  754
 3985
 6780
 9278
 8005
 7159
 4448
 5068
  972
 8080
 3817
 3339
 7452
 2687
 9682
 4811
 9343
 9303
 6582
 3760
 1377
 1733
 8569
 7439
 5452
 7479
 4870
 3309
 5166
 8984
 7689
 1445
 9415
 1995
 3110
 2483
 2998
  897
 4138
 5533
 8147
  613
 2849
 1093
 9295
 9313
 8137
 8855
 8783
 9991
 2198
 6077
  303
 4253
 6896
 8596
 3056
 8526
 9842
 6434
 2793
 9529
 8654
 6136
   89
 8590
 9859
  340
 6688
 7385
 5725
 1165
 9931
 4071
 3672
 9833
 5870
 3098
 7292
 3950
 6031
 6739
 5817
  319
 3326
 1903
 5607
 2982
  293
  786
 3140
 3944
 8097
 7661
 6142
 9474
 8238
 3227
 8848
 4302
 9770
 6996
 9240
 1227
 8647
 6347
 5581
 9188
 2834
 6500
 6026
 6473
 8686
 2057
 6761
 1244
 4227
 8508
 3322
 9633
 9270
 2431
 6271
 1674
 5083
 5956
 9727
 9541
  239
 4449
 6084
 1565
 7531
 4052
 2669
 7343
 2994
 2521
 3773
 2628
 3566
 4707
 9995
 4640
 3846
 2503
 4667
 4045
 9457
 3874
 7082
 1675
 3295
 5566
 4947
 2692
 4438
 5054
 4578
   39
 7107
  403
  467
 3828
 7834
 3221
 5868
 5185
 9574
 6637
 1877
 1886
 4266
 4890
 5008
  436
 8013
  576
 9465
 9252
 1756
 7561
 5909
 3947
 3796
 4937
 4513
 8896
 4962
  538
 3997
 2022
 2309
 4368
 5281
  339
 1632
 4477
 9696
 6092
 9484
  857
 8288
 6501
 3139
 6087
  785
 3980
 7406
 9997
  412
 5316
 6372
 8073
 5814
 9002
 1261
 8716
 4358
 6314
 3797
 2719
 5387
  307
 5883
 2783
 3784
 3556
 7053
 3620
 4759
 8754
 9173
 9827
 4619
 3211
 4858
 4693
 5676
 7575
 8179
 6192
 1088
 6239
  673
 7783
 6886
 3014
 4002
 8212
 1890
 4467
 9537
 1277
 8776
 8633
 1777
 5914
 6149
 1819
 4943
  715
 2354
 5148
 6524
 2026
 5444
 9398
 2300
  126
 8337
 2910
  821
 4428
 1961
 8037
 3202
 5552
 2903
 9393
 2488
 6571
 3649
 8083
 7055
 5228
 9663
 1843
 1358
 1776
 3113
 6090
 2526
 5979
 3979
 3249
 2129
 6013
 6538
 2950
 4671
 7221
 6653
 7797
 1206
 3289
 8360
 9418
 4070
  435
 3302
 9344
 3088
  726
  951
 8980
  271
 6812
 4333
 2835
 5547
 9654
 2947
 8364
 7692
 8136
 8841
 6472
 2176
 1502
 4805
 8084
 5983
 1646
 1532
 5486
 4509
 7139
  792
 2547
 5046
 9669
 5803
 5392
 8263
 4219
 2435
 4430
 5836
 2460
 6369
 5300
 7470
 6258
  131
 5687
 9406
 8674
 6803
 8517
 2672
 3003
 2350
 6266
  314
 9723
 7678
 4714
 4682
 2507
 1728
 3897
 8637
  984
 8958
 6627
 8577
 9265
 5791
 6102
 4198
 1297
 3996
 3101
 7279
 3925
 3436
 7735
 5613
  140
 4265
 2836
 1029
 9737
  888
 8760
 2117
 7266
 7142
 9014
 8556
 1676
 4556
 9667
 4816
 7730
  900
 4126
 8407
 1799
 7361
 4672
 7751
 2162
 1173
  322
 1283
 2002
 6301
 1271
 8528
 8414
 8798
 8830
  932
 6866
 1390
 2013
 5953
 8666
 1828
 9998
 2362
 8802
  584
 3351
  366
 1152
 4614
 1627
 6356
 3020
 8933
 6343
 6708
 9915
 3937
 2776
 9986
 1924
 3927
 9296
 4577
 6215
 5236
 3403
 2667
 3361
 1408
 2548
 2422
 3399
 3163
 8979
 7034
 7003
 4726
 1730
  229
 2618
 9526
 6585
 9022
 2976
  431
 9759
 2954
 4529
 3870
 1926
 6207
 6504
  323
 4390
 5939
 3507
 2441
  462
 2461
 9538
 9591
 7198
 7357
  952
 5671
 9963
 5531
 7216
 4990
 3424
 7097
 9402
 8943
 4530
 8100
 2915
 9190
 7165
  497
 8467
 1354
 1366
 7835
  741
 3779
 6139
 2436
 1889
 5874
   34
 9381
 8330
 1887
 9276
 6601
 2195
 6882
 5241
 7728
 9031
   18
 2239
 6057
 5147
 7453
 1667
 8792
 2934
 1077
 5368
 6729
 6697
  801
 4503
 9660
 6259
  135
 1602
 7070
 9740
 8481
 7316
 6410
 1599
 3568
 8634
 8722
 6378
 4093
  844
 6389
 2181
 7118
 1860
 3587
 3746
 9013
 2404
 3336
 2828
  636
 4474
 7942
 3126
 3929
 1080
 4367
 8992
 8468
 8304
 7485
 4914
 5072
 5666
 3909
 7214
 3161
 9550
 2755
 7326
 3498
 7806
 9385
 5157
 7152
 2624
  129
 4405
 8743
 4468
 4632
 1833
 3461
 6923
 2395
 8552
 9493
 4067
 9617
 5523
 1249
 6723
 7111
 3471
 7076
  967
 3086
 9117
  887
  329
 5930
 6557
 9797
 5646
 4973
 5747
 5810
 5223
 4676
 6948
 6248
 1640
 2962
 7947
 4609
 5153
 4630
 4483
 2018
 6776
 7092
 8281
 3778
 3264
 2017
 7488
 9027
 8382
 2313
 4331
 9376
 8116
 9006
 4590
 8379
 5629
  781
 6357
 8664
 6366
 5254
 1939
 7352
 9136
 9380
 1916
 5477
 6555
 9064
 5517
 8772
 8327
 1690
 8452
 9885
 7430
 2666
 4086
 2328
 7791
  196
  917
 4709
 5320
 6861
 6243
 3812
 3216
 3614
 3047
 3673
 5651
  755
 7699
 4161
  913
 1772
 2907
 5352
 9053
 4044
 8997
 6929
 4489
 2457
  909
 3592
 4922
 3372
 1983
 3958
 3352
 2252
 4624
 5742
 4845
 2203
 6276
 7509
 3341
 1779
 4896
 7596
 9000
 2696
 5973
 1054
 8667
 7354
 9160
  306
   86
 5440
 8053
  112
 9795
 4940
  191
 6442
 7050
 9631
 4514
 8598
  832
  451
 7149
 9448
 6922
 2556
 8464
 7256
 9026
 5348
 7112
 3971
 8883
 5665
 7169
  824
  628
 1209
 3640
 7225
 9051
 9762
 3921
 4971
   36
 2703
 1619
 9137
 5311
 1235
 8964
 1732
 2991
 5163
 5672
 6424
 1350
 3609
 7995
  682
 8315
 9042
 6531
 4382
 1631
 5730
 3853
 3810
  305
  986
 3243
 5674
 5437
 3502
 3733
 5307
 3842
 2638
 6626
 9325
   72
  359
 9149
 7726
 6425
 5123
 1520
 7683
  882
 6993
 2466
 5383
 2090
 8181
 4559
 9065
 5082
 2578
 3802
 8042
 2278
 6228
 1518
 4033
 7567
  955
 8810
 8354
 4548
 3370
 2338
 2078
 6505
 5126
 3200
 2450
 7817
 5847
 4036
 7160
 7777
 6015
 3121
 3111
 5483
 9583
 3328
 1804
 2207
 9756
 7500
 6771
 4318
 4089
   22
 2726
 8058
 7563
 4551
 6402
 6518
 6116
 6765
   17
 9131
 4372
 8270
  133
 1937
 9690
 6150
 1543
 4766
  332
 5267
 3578
 3058
 3275
 3317
 7044
 1392
 9297
 4213
 6069
 1815
 2938
 4892
 4864
 1660
 5798
 9184
 2160
 2809
 6968
 7168
 5264
 6461
 6890
 9864
 7717
 5594
  352
 1309
 7028
 9216
 1260
  795
  148
 9299
 3520
 9028
 7808
 7084
 5826
 3597
 1178
 1042
 9477
 5755
 1004
 3642
 1564
 4913
 3087
 2046
 8985
 2937
 2420
 9972
 4881
 2378
 4153
  324
 7546
 3915
 9758
 6597
 1579
 1636
 5834
 3668
 9534
 9328
 9410
 9732
 3185
 4799
 2858
 9438
 4481
 2365
  210
 5424
 9400
  383
 5976
 8662
 1658
 6822
 7469
 8277
 7307
 3537
 8885
 3143
 3151
 9384
 6095
 1380
 5245
 3162
 7341
 9530
 8372
 8020
 3514
 5832
 4032
 1836
 1826
 6384
 1569
 6888
 3998
  705
 3033
 7093
 4013
 8193
 2083
 5306
 6047
  942
 2800
 5704
  541
    8
   76
 5980
 7536
 5530
 2785
 9253
 2280
 2652
 5707
 5182
 2128
 4824
 2893
 1968
 3194
 3138
 1170
 8806
 7240
 4351
 4167
 4750
 4310
 7974
 7966
 5085
 2376
 9488
 5159
 5821
 1829
 2740
 3902
 3800
 9086
 4199
 9286
 2336
 3006
 4446
 5335
  456
 6221
 7209
 7449
 2149
 1359
 6919
 8044
 4653
 7258
 8825
 7930
 9367
 9147
  289
 8557
 2993
 8576
 4610
 7982
 5499
 4222
 4286
 4237
 8911
 6630
 7242
 9151
  423
 4544
 4350
 7211
 4004
 5614
 4829
  236
 2127
 1293
 5454
 2766
 4134
 9815
 6023
 4719
 6262
 7520
 5584
 9100
 5620
 6807
 2730
 4844
  978
 5012
  775
 6990
 1213
 9047
 5783
  999
 8412
   70
  892
 9634
 4329
 5599
 8878
 6884
 9209
 6061
 7821
 5116
 9794
 3621
 4280
 6770
 5135
 4781
 6034
  711
  316
 1719
 8847
 1803
 8725
 6573
 7718
 3504
 4193
 1700
 3223
 3178
  209
 1734
 1268
 2838
 1793
 4963
 9150
 2901
 6561
 7332
 1447
 6639
 6623
 2107
  748
 5830
 8229
  762
 5113
 3815
 8256
 4827
 4665
 1494
 9772
 2718
 1098
 7560
 5935
 7043
 7226
 3421
 6640
 7196
  459
 4894
   68
 9513
 7457
 1464
  767
 4276
  276
 2888
 3949
 1672
 7761
 9395
  299
 1610
 9094
 1643
  581
 7785
 1936
 6660
 4387
 5025
 3689
 1704
 3425
 6022
 3524
 1716
 4946
 8784
 2568
 8744
  440
 9161
  291
 2403
 6911
  471
 3999
 9254
 1923
 8531
 3057
 9070
 1853
 3157
 8904
 3879
 6969
  454
 2622
 1076
 2658
 9882
 5906
 2533
 9765
 3181
 4533
 9420
 5259
 3677
 7672
 5136
 5342
 5864
 4612
 4224
 6299
 8863
 6275
 8890
 7109
  540
 1541
 4715
 7549
 1177
 5167
 3064
  251
 5595
 8139
 8068
 2702
 9782
 8807
 7732
 8872
 5341
 9755
 8910
 8827
 8736
 2698
 1137
 4025
 2833
 7842
 9903
 2109
 8533
 6482
 3485
 8244
 1294
 7893
 3508
 2292
 8695
 2305
 1837
 2967
 3844
 2211
 2019
 5472
 1307
 2349
 4607
 9675
 6133
 4174
 9670
 3722
 8861
 7554
 7358
 4064
 5660
 4935
 6809
 5289
 5416
 6614
 7146
 6309
 3060
 7604
 7007
 1438
 1091
 4327
 5330
 1594
 4016
 4456
 1188
 1226
 9088
  272
 1300
 2262
 8613
 8282
 3919
 9201
 5772
 9954
 6060
 7016
 5991
 5498
 2830
 4959
 3895
 2021
  201
  465
 2518
 9987
 8495
 5164
 3136
 5295
 6963
 4361
 5471
 1326
 3234
 9694
 5753
 6375
 9942
 1014
 8805
  220
 3201
 6091
 2867
 3995
  238
 8111
 8025
 3055
 2752
 2570
 9431
 5127
 1746
 9007
 3604
 7067
 5265
 3596
  500
  261
  903
 5128
 8592
  156
  791
 6120
 7882
 9472
 8671
  517
 8245
 9057
 1573
 4536
 7583
 2414
 2744
 7981
 5536
 6317
 2178
 8381
 5915
 6348
 2303
 5767
 1075
 2227
 4882
 6921
 8568
 2514
 8968
 3646
 5396
 4170
 7840
 9907
 2737
  372
 2753
  443
 9107
  429
  285
 1852
 1166
 1410
 4465
 1140
 1766
 5557
 1630
  381
 7667
 1442
 7261
 4902
  815
 1688
 9960
 9816
  520
 8940
 7049
 7315
 8932
 7264
 6107
 3496
 3730
 1127
 4464
 3397
 9586
 5912
 6365
 9371
 2355
 4462
 6109
 3080
 8049
 7322
  554
 1997
 2009
 3876
 4929
   12
 3473
  848
 4976
 1796
 9692
 1820
 4263
 7928
 9686
 5532
 9920
 5036
 9757
 7386
 5801
  461
 5615
 6724
 1677
 1863
 6760
 7745
  635
 3531
  545
 9449
  707
  132
 8907
 9892
 8071
 7969
 7538
 1360
 6227
  522
 6040
 1476
 9180
 7150
 9845
 1689
  553
 2892
 6695
  278
 8295
 8187
 9267
 9630
 2356
 6675
 8445
 1472
 3826
 7200
 3723
 1234
 3283
 4668
 4538
 1104
 5696
 6186
 5852
 3584
 3174
 7120
 8492
 3807
 8269
 2153
 8676
 8207
 1125
 6625
 4658
 4441
 5619
  834
 7353
 9429
 2281
 6045
  225
 3379
 7980
 2332
 9290
 1963
 6792
 9910
 5848
 9850
 8741
 7288
 9945
 2494
 5015
 1979
 6351
 7525
 6334
 6459
  983
 5765
  313
 3199
 8030
 8611
 5833
 1171
 8614
  280
 7991
 1426
 7395
  931
 6222
 2148
  290
 5112
 4891
  598
 4960
 7478
 4734
 9761
 8267
 4988
 7625
 7544
 2476
 2813
 7178
 6856
 8000
 7428
 2489
 1907
 7875
 2312
 5971
 7000
 5379
 9109
 1664
 3091
 6891
 7747
 1229
  693
 2689
 9608
 2877
 8290
  902
 2032
 7703
 2344
  464
 4122
 5056
 3558
 1461
 4542
 4597
 1187
 9061
  486
 2657
 4581
 7462
 2485
 7687
 6199
 1985
 9108
 6666
 8306
 6467
 6672
 4288
 7619
 6717
  945
 4249
 3714
 9034
 8345
  860
 5442
 1794
 2168
 2250
 3116
 2924
 5520
  351
 8567
 6519
  505
 7833
 1944
  823
 8499
 5364
  178
  391
 1571
 6354
 4596
 3497
 4626
 9832
 5294
 9836
 4015
 8404
 9097
 5105
 2142
 5522
 3061
 4686
 4945
 6738
 8974
 1246
 1050
  970
 7677
 5484
 6256
 5944
 6203
 3657
 4022
 1812
 8328
 8731
 9925
 9726
 8070
 8069
 9711
 9259
 6178
 4485
 8453
 3224
 9909
  526
 3636
 2883
 6509
  219
 1387
 6241
 6786
 7829
  617
 3250
 5346
 4306
 1395
 7170
 2370
  833
 1629
 4831
 6743
 8541
 5802
 6469
  979
 9897
 2191
 2424
 5982
 9079
 9584
 8125
 7429
 9921
 9611
 3813
   24
  577
  206
 1919
 2448
 6394
 9766
 2599
  489
 7454
  549
 5764
  808
 5892
 1892
 6280
 1915
 7065
 8239
 3343
 1157
 5038
  282
 4928
 2049
 6658
 8609
 5994
 4021
 4780
  611
  747
 7630
 4911
 3220
 6148
 7798
 9930
  630
 8056
 3104
 1558
 4961
 3260
 5129
 6268
  185
  348
 5649
 2708
 9471
 6548
 8801
 3720
 8735
 2051
 2844
 6827
 5567
 2987
 7102
 9519
 2440
 4793
 4311
 8945
 6746
 6456
 1233
 8390
 1808
 1987
 9225
 9084
 8767
 3814
 1600
 8461
 7515
 7673
 7356
 2261
 8259
 7807
 8010
 4239
 9916
 8853
 2244
 9625
 7363
 9008
 8369
 6397
  696
 3680
 1468
 6110
 7793
  273
 2134
 8262
 5391
 3629
 3049
 8236
 9728
 6279
 3638
 5150
 3981
 6749
  650
 3065
  919
 7372
 4135
 5926
 3674
 4628
 9874
 7059
  234
 2284
 1406
 7670
 9148
 3987
 7220
 1020
 6204
   28
 1523
 6763
 8529
 4043
 9135
 5777
 7869
 6028
 2366
 7540
  690
 9114
 3960
 8135
 4644
 8914
 8509
  207
 3107
 2102
  386
  674
 3966
 6499
 5381
 7691
 3894
 5746
 3941
 6511
 3835
 4378
 4651
 3228
 7824
 3906
 2242
 4389
 3334
 9554
 1694
  686
 5537
 9905
  283
 2801
 8192
 7087
 2212
 9943
 7971
 1204
  479
 9058
 7756
 6131
 9019
 4109
 3313
 8693
 2808
 9792
 3419
 4137
 4585
 3052
 2876
 8739
 3582
 7006
 6098
 7401
 2100
 9546
 4584
 1931
 7565
  643
 2140
 6016
 2860
 8759
 2357
  256
 3703
 1384
 2367
 6261
 9924
 1051
 6370
 7289
 8687
 1504
 1514
 1960
 3470
 2247
 2963
 3460
  361
  700
 1914
 9821
 8076
 4774
 5407
 6111
 9251
 7026
 8496
 4380
 3042
 2264
 9370
 5256
 7989
 7846
 6544
 4515
 4317
 2390
 6165
 2041
 6867
 8713
 1011
 4908
 9616
 6231
 6547
 1949
 8131
 9439
 3012
 8463
 7054
  204
 4877
 6415
 5922
  534
  284
 2077
 3570
 2781
 5273
 5453
  308
 9837
 5560
 2096
 3068
 7680
 6115
 9334
 8112
 9023
 6680
 8233
 2237
 4050
 8433
 8437
 8303
 9609
 2944
 9575
 2927
 8485
 7126
 9953
 4096
 9424
 3840
 2382
 5308
 9152
 1128
 3445
 9799
 3877
 8213
 6798
 1501
 6445
 9638
  416
 9613
 4466
 6611
 2735
 1089
 7802
 4841
 2543
 4765
 1210
 5518
   40
  873
 8850
 2119
 3741
 8077
 3448
  241
  304
 6100
 9433
 6507
   27
 9838
 8895
 8522
 6797
 3608
 8067
 3631
 9248
 5384
 4991
 2685
  408
 8538
  891
 8719
 3036
  367
 4068
 7328
 3880
 9355
 4292
 7154
 7393
 2254
 6719
 2379
 6902
 7697
 7828
 8184
 6972
 6704
 5701
 1971
 8987
  910
  320
 6629
 3093
 4296
  100
 4872
 3231
 7688
 8901
 2531
 3468
 2235
 4833
 2166
 9887
 9230
 2452
 1862
 6030
 7578
 3530
 5002
 6817
 2459
 1493
 1269
 5110
 3910
 1066
 1467
 7579
 1417
 1299
 4502
 7416
 8931
 3010
 2289
 8835
 9536
 7609
 9055
 3699
 4056
 3127
 5463
 5577
 5762
  521
 1648
 4942
 3936
 3511
 4545
 3304
 2520
 1092
 9831
 2208
 1466
 3210
 6323
 3888
  452
 8232
  334
 8742
 9853
 3319
 4247
 9394
 7017
 5933
 9269
 7998
 1312
 9556
 9373
  695
 8714
 5051
 8944
 3611
 7999
 3391
  818
 6818
 6447
 1503
 3770
 8169
 7907
 9095
 6214
 1122
 2132
  704
 1908
 5328
 9205
 9119
  175
 3512
 3827
 1328
 2158
 7645
 2968
 2646
 8462
 1885
 8770
 4560
 7755
 9357
 7922
 3961
 6290
 2276
  825
 4956
 2997
 8899
  373
 5319
 2340
 6988
 2739
 7004
 2161
 4762
 7792
 7153
 6284
   10
 6413
 4383
 8487
 3857
 3984
  162
 7268
 4520
  922
  759
 6684
 7711
 6291
 1628
 6674
 9004
  912
 6915
  649
 8060
 7803
 2400
 3491
  221
 6465
 2620
 5367
 6715
 7889
 6740
 1405
 9483
 2085
 5018
 2604
 7706
 6931
 4500
   14
 5902
 3413
 8198
  208
 3168
 3762
 6411
 8396
 3548
 8546
 2296
 6508
 3855
 8564
 7574
 7593
 5494
 9195
 4983
 6858
 1737
 8978
 7825
 2848
 8454
 1498
 9752
 8669
 3845
   44
 1339
 7161
 6478
 6616
 8793
 2564
 6310
 3939
 7373
 1647
 1773
 2812
 6106
 1110
 9500
 2010
 9673
 4860
  924
 2387
 2887
 2001
 2853
 9840
 3422
   31
 8729
 8975
   43
 8838
 3625
 1413
  683
 6845
 6137
 2048
 4822
 7362
 7868
  495
  861
  223
 3433
 1765
 1420
  796
 5968
 7513
 8578
 5760
 9773
 4695
 7048
 8191
 5372
 4370
 8515
 1285
  145
 5044
 5027
  963
 6073
 6690
 3132
 5389
 7518
 2567
 3271
 4181
 6702
 1276
 2236
 6534
 5208
 1835
 3477
 5697
 6123
  627
 2131
 2767
 4800
 6663
 2641
 1959
 2914
 2389
 7274
  996
 3663
 7490
 6821
 5304
 1001
 4588
 2005
  197
 1083
 9383
 8595
 1709
 9979
 2768
 1857
 9590
 2841
 8697
 9724
  149
 2805
 7230
 9599
  379
 2091
 4360
 5366
 8905
 6074
 3630
 4128
 1465
 3732
 2945
 5013
 6391
 8734
 5977
 3634
 9901
 1031
 2157
 3301
  449
 4195
 8424
  629
 5680
 1687
 2555
 1266
 9164
 4910
 4888
 8016
 6277
 4526
 6339
 5169
 4818
  166
 6153
  218
 1374
  310
 4322
 2549
 3417
 3293
 5708
 2757
 9467
 8408
 4897
 8182
 3887
 7725
 7021
 6341
  382
 6330
 9777
 5357
 3364
  957
 4932
 1891
 2374
  701
 3685
 8565
 8163
 1342
 1557
 4255
 9388
 9283
 3451
 1757
 4969
 5092
 4412
 8423
 6609
 6270
 4491
 3459
 3481
 4391
 2840
 9282
  677
 9804
 2916
 7299
 5570
 4706
 1680
 2232
 1929
 6395
 6892
 2475
 6631
 6787
   21
 4091
 1934
 2952
 2810
 4190
 6599
 1145
 1393
 1603
 6302
 2171
 4164
 5653
 5773
 6188
  108
 7317
 7588
 7534
 1800
 8893
 1684
 5212
 6879
 6973
 4187
 6912
 7871
 5792
 7181
 2110
 4435
   54
  721
 9955
 1567
 5967
 2416
 2706
 6889
 4062
 9702
 3554
 8200
 4476
 6072
  198
 6429
  315
 7962
 3434
 9351
 8882
 2314
 8027
 5075
 6788
 1006
 4501
  663
 7754
  678
 9255
 9956
 2288
 3588
   46
 6185
 7391
 3291
   97
 8448
 4102
 7749
 6539
 3443
 5411
 5032
 5927
 3292
 4743
 3882
 6337
 3159
 7788
 1310
 8188
 4113
 9543
 2866
 2025
 1622
 9421
 5255
  528
 7232
  568
 3354
 6431
 1999
  660
 8429
 2462
 2701
 1913
  997
 6005
 9895
 2196
 7419
 8224
 1443
 7250
 1263
 7287
 1201
 2583
 5269
 7614
 5001
 9869
 9076
 7009
 8523
 7949
  590
 4652
 7155
 5555
 1292
 3729
  589
  691
 6158
 9642
 5549
  389
  752
 9614
 8123
 2188
 3371
 8813
 2258
  267
 7156
 2377
  914
 3527
  681
 6959
 1135
 7370
  252
 5266
 6335
 9612
 6951
 8251
 6799
 7760
 2772
 5820
  874
 9360
 7632
 9039
 2104
 5089
 2941
 9246
 5434
 5104
 1583
 5992
 2964
 9133
 1289
 3914
   25
 4205
 5588
 5726
 3215
 3725
 4944
 6774
 8504
 2971
 2482
 9900
 9890
 6679
  799
 6300
 1537
 2112
 9192
 8197
 2146
  269
 1433
 2295
 9507
 9889
 3951
 8699
 9589
 7594
  866
 3991
 1022
 4460
 1240
 7773
 6794
   55
 6340
 2587
 6864
 4097
 5221
 7096
 8486
 3367
 5573
 2814
  601
  604
  387
 7185
 1601
 8359
 6155
 5088
 3824
 3644
 5066
 2065
 2882
 8881
 2408
 7839
 8921
 7852
 1882
 6050
 1678
 7140
 7685
  670
 3315
 3188
 3120
 5261
 7502
 2301
 8941
 8833
 5551
 3441
 9600
 1897
   67
 9220
 8398
 3153
 9735
  680
 3705
  377
 1070
 3469
 7024
 1572
 7633
 8949
 2438
 5060
  533
 1124
 1785
 8707
  719
  859
 2722
 2473
 6428
 6898
 6320
 6514
 8843
 6480
 2138
 3900
 9392
 4259
 1264
 4817
 2922
 6292
 8357
 1736
 8880
 1823
 9803
 8661
 4398
 1389
  172
 1270
 9428
 4608
 5778
 5823
 9716
 5361
 4675
 8924
  481
 5260
 8095
 2880
 7627
 5698
 5313
 4366
 8406
 1846
 2595
 4452
 7371
 8047
  906
 8081
 3933
 5893
 5291
 7862
 1538
 5131
 6396
  139
  877
 4510
 1980
 2545
 3571
 8747
 1138
 3032
 2913
 2863
 4459
  355
 3349
  709
 5887
 3884
 3575
 1062
 4254
 7327
 7182
 7858
 5728
 3753
 8994
  402
    9
 7446
 2384
 7114
 5938
 3246
 9217
 4019
 5284
 7098
 7183
 9812
 7952
 7249
 7892
 1400
 1319
  596
 9016
 9681
 7738
 4810
 3482
 1364
 2856
 7033
 6048
 7100
 1118
 7364
 5794
 3423
   23
 4469
 5719
 4606
 1402
 1898
 2122
 3347
 5460
 1007
  829
 3709
  246
 5031
 4951
 8589
  814
 3198
 9553
 2773
 5385
 4401
 6427
 6552
 8706
 2082
 2205
 6713
 7241
 5199
 7641
 4522
 2561
  745
 2298
 4203
 7295
 5621
 3535
  504
 8675
 7679
 6450
 1586
 3450
 5226
 2721
 6068
 9329
 3380
 6839
  998
 1668
 2546
 5756
 7548
 2527
 7951
 3771
 4783
 9982
 4728
 5305
 7376
 8519
 2729
  687
 1880
 1322
  840
 2557
 3440
 1563
 9678
 4149
 8917
 5448
 2086
 5234
  279
 9375
 2851
 9423
 8605
  580
 8918
 1973
  793
 8708
 6486
 6693
 8934
 7046
 6289
 5455
 1239
 2411
 3635
 9968
  646
 4000
 9078
 7612
 2981
 1921
 9973
 8324
 3368
 7696
 5959
 2381
 3360
 8373
 4855
 9362
 9261
 4966
 2155
 9881
  746
 3124
 1560
 3973
 9668
 3266
 3873
 4809
 8370
 1578
 7369
 3518
  356
 7057
 8681
 2287
 5923
  254
 5022
 6952
 9413
 6638
 4921
 7654
 4040
 8202
  111
 2824
 1151
 9169
 2139
 3345
 4141
 6779
 4819
 4375
 3099
 2028
 2902
 2519
 3384
 8653
 5561
 4617
 4397
 7367
 6868
 5667
 7210
 3752
 4340
 1298
 1096
 1427
 5606
 2642
 8118
 2630
 9688
 9793
 1768
 7175
 6474
 4114
 9813
 7870
 4226
 7302
 7602
 3488
 3541
 8685
 1747
 4879
 6848
 6851
 9516
 4875
 4488
 4041
 8072
 1615
 9179
 6983
 4764
 1256
 8600
  430
  749
 4216
 4656
 6489
 3945
 1528
  330
 1618
 4035
 9545
 7257
 7415
 3962
 7864
  216
 4507
  761
 4406
 8602
 8816
 5611
 4598
 7832
 7058
 8466
 5231
 5014
 9607
 8307
 5146
 5575
 5202
 8086
 5087
 9721
  384
  409
  446
 5048
 6070
 9949
 3129
 1990
 2715
 7203
  605
 6033
 3369
 1956
 2680
 2639
 9958
 2590
 4615
 9923
 4939
 8090
 5314
 2644
 7128
 4110
  393
 4557
 5310
 4730
 7686
 7122
 5100
 4422
 9788
 2926
 5569
 8242
 8948
 7535
 9242
 1351
 7743
 4260
 6126
 6966
  413
 1262
 1665
 6293
 8579
 9281
 7466
 7885
 9463
  327
 9524
 1497
   20
 7564
 1927
 5539
 1411
 4194
  962
 9202
  262
  993
 2734
 7074
 8094
  113
 6470
 7873
 2248
 3526
 6191
 2213
  846
 2754
 3196
 2508
 1574
  370
 1681
 3574
 7325
 9747
 2080
 1273
 6567
 2616
 2611
 1831
 6326
  760
  740
 8223
 6298
 8644
  618
 6400
 3628
 7976
 8180
 8029
 5766
 4540
 2432
 5318
 8291
 9520
 4275
 7207
 8439
 4429
 1010
 4277
 5220
 2272
  835
 2786
  992
 5668
 8601
 9785
 5286
 4291
 9168
 5154
 3687
  916
 8286
 5932
 3236
 7611
 4011
 2704
 9672
 5333
 6592
 4504
 6793
 4211
 3639
 4898
 7573
 3794
 5369
 1416
 3499
 8289
 9414
 9676
  639
  671
 5881
 8098
 2908
 5846
 6024
 4884
 3255
 3606
 4060
 4234
 7204
 6125
 6036
 4472
 3268
 3493
 8363
 2921
 1748
 7115
 4909
  556
 6716
 6097
 3329
 6169
 8316
 1186
 9309
 6053
 4814
 3465
 7652
 3792
 6933
 2000
 4144
 7900
 9567
 2076
  176
 5205
 7944
 4348
 5218
 4986
 2477
 1539
 3970
 9293
  562
 9643
 9280
 1160
 7958
 7184
 5106
 6834
 1977
 5888
 6296
 6549
 2405
 2333
 2044
 2446
 4034
 2177
 4905
 4233
 1881
 5426
 6242
 2089
 6067
 4565
 9984
 4442
 3916
 6180
 3789
 5691
 4304
 9713
 9153
 9359
 4078
  665
 3505
 8066
 7262
 4815
 1363
 9665
 7876
  494
 2510
 2270
 4451
 3426
 4871
 4736
 5421
 2636
 4701
 1388
 1938
 9970
 7972
 4048
 5616
 7739
 6589
 3618
 2101
 9867
 9594
  870
 8966
 6496
 8574
 7402
 9001
 1698
 6328
 2714
 5609
 1697
 9354
 1787
 2760
 7477
 7724
 4838
 8004
 9071
 6094
 9337
 2087
 6750
   19
 1015
 2693
 7244
 1825
 2610
 5211
  918
 3766
 6899
 6655
 2747
 7483
 4985
 8616
 3213
  418
 1241
 6193
 5857
 1258
 4425
 6530
 8479
 1685
 9525
 5711
 4182
 1057
 5514
 5149
 1439
 6368
 2758
 1559
 2253
 9341
 4826
 8961
 5198
 4229
 7865
 3051
 1161
 9298
 4267
 2468
 3594
 9087
 7737
 5946
 7888
  647
 2126
 8951
 5134
  836
 9939
 9587
 3141
 9988
 5006
 8646
 1212
 5179
 7712
 8710
  183
 6096
  894
 9044
 8969
 1588
 7794
 6220
 8952
 6503
 6928
 6487
 2263
 1034
 2027
 5709
  328
 4790
 2334
 5738
 7066
 7463
 7434
 5635
 8909
 8560
 5787
 9783
 2511
 6462
  341
 7091
 5332
 1992
 3769
 8819
 4352
   78
 6497
 1337
  160
 5140
 2428
 1025
 8749
 1435
 1207
 5144
 4691
 6217
 1067
 8380
 8721
 3956
 6502
 9083
 7659
 5207
  750
 7759
 6847
 6734
 4081
 3988
 8442
 3968
  758
 9492
 3306
 9171
 9825
 6545
 4221
 7967
 7657
 4647
 7450
 6446
 6515
 2727
 4439
  569
 6305
 1220
 8240
 9244
 6216
 7011
 3432
 5796
 6802
 9847
 9453
 1784
 7904
 7682
 6727
 1682
 7072
 2989
  511
 3776
 9475
 8319
 4075
 4445
 9778
 5139
 5459
 2870
 1052
 8258
  744
 1143
 7297
 1329
 3137
 3791
 3651
 8422
 7714
 6426
 6058
 4663
 7935
 2978
 9093
  734
 9308
 9018
  551
 7088
 4992
 5111
 4212
 1911
 2137
 8879
 5401
 4270
 3353
 6681
 8297
 1003
 5981
 9521
 8425
 2787
 3878
 6019
 1991
 5443
 2163
 5542
 5524
 9619
 2187
 5748
 8888
 6543
 9481
 9565
 4853
 9391
  547
 5515
 6569
 8460
  155
  737
 4238
 9132
 3308
 4782
 2496
 4650
 4994
 9698
 8668
 7707
 5837
 2164
 5919
 9139
 7313
 7235
 7037
 6849
 3090
  689
 2761
 1683
 1720
 5414
 2671
 6387
 2251
  513
 3772
  358
 6075
 8061
 2746
 1253
 9786
 3774
 4574
 1219
 5786
  546
 6755
 4823
 3622
 7448
 7801
 3519
 2905
 9154
 5683
 4720
 9236
 9399
 5590
 3967
 7041
 9288
 6913
 8563
 2388
 8298
 8172
 6806
 1505
 9174
 7818
 5399
 5996
 5171
 1527
 1288
 9366
 6615
 6705
 5011
 5081
  872
  594
 9041
 6421
 9372
 2383
  575
   62
 9542
   30
 7708
 2621
 8121
 9839
 1284
 7727
 4039
 9213
 6906
 8925
 5249
 5469
 1604
 6574
 5965
 7179
 9454
 3165
 2398
  445
 2820
 9649
 9935
 1679
 6950
  301
 4952
 5429
 4629
  625
 4592
 6784
  134
 1566
 3515
 8478
  321
 6238
 3624
  512
 3046
  122
 6711
 4727
 5737
  583
 2791
 5386
 7480
  552
 3005
  789
 3335
 3718
 4680
 5230
 7663
 8983
 5468
 6041
 4866
 5677
 6440
 9387
 1058
 8255
 6233
 8547
   35
 9356
 7467
 3847
 1451
 3179
 2565
 7031
 6682
 4843
 2231
 8717
  614
 6947
 7492
 3965
 1362
 1519
 7945
 1521
 9030
 1132
 8108
 3070
  250
 4434
 8011
 6083
 1952
  929
 4760
 6453
 2437
 6859
 3600
 7847
 7642
 1203
 4604
  457
 6783
 6832
 7108
 6078
 5761
 7826
 3891
  124
 5021
 9226
 2189
 8627
 9822
 7860
 4139
 9707
 6722
 8160
  697
 5739
 9235
 6820
 4794
 5045
 7616
 3217
 8814
 9760
 2899
 5288
  587
 7620
 5695
 4069
 3545
 1215
  867
 8152
 2348
 9504
 6281
 9317
 7621
 3155
 8261
 8022
 8206
 4473
 7171
  561
 4145
 1432
 8368
 5961
 2660
 6272
  889
 2973
 3580
 3684
 4934
 3820
 3747
 5120
 6420
 6175
 3377
  933
 8110
 4324
 9544
 4998
 6840
 9208
 5628
  434
  688
 9111
 3698
  659
 9134
 3691
 3096
 4346
 9452
 1508
 2969
 6404
 7030
 6937
 7229
 6014
 7716
 8639
 6632
 9123
 8977
 4411
 3464
 1250
 6671
 8285
 6003
 5362
 4177
 7117
 5928
 1894
 2525
 1842
 2229
 9194
 1972
 9934
 5377
 8418
 7276
 7399
 3410
 9824
 9598
 8995
 8171
 3385
 8660
 2779
 6408
 5450
 1048
 9754
 7941
 6333
   66
 9444
 7260
 3492
 7144
 3536
 6237
 8451
 1996
 3048
 5720
 9224
 9854
 4345
 1580
 1495
  548
 1872
 7810
 8119
 3759
 9059
 8752
 6646
 7127
  410
 8350
 8860
 1000
 8234
 1278
 3954
 9983
 2707
 1009
 2445
 4886
 6894
 2990
 9922
 1614
 6435
 1323
 7213
 5156
 6113
 7568
 9262
 1172
 3532
 2906
 8809
 7805
 1529
 7823
 5673
 9564
 6668
 6566
 3358
 5417
 3382
 8222
 1111
 8935
 6376
 3737
 2891
 3948
 9300
 7119
 9622
 5819
  530
  180
 3513
  667
 3495
 7721
 4802
 7570
 7296
 6020
 4252
   11
 9936
 8947
 7147
 8447
 6118
 8041
 9140
 5865
 1189
 7124
 5456
 7023
 4220
 8266
 4741
  959
 4874
 7936
 5115
 7068
 3825
 5775
 6194
 8920
 9495
    2
 1861
 8309
 2942
 6572
 2733
 8065
  712
 2240
 4751
 4204
 4534
 5989
 6594
 1932
 8922
 9843
 1896
 6430
   80
 4602
 4165
 2512
  778
   49
 1242
 3669
 7551
 9250
 7550
 2035
 8091
 5807
 3475
  428
 2024
 5600
 4003
 6152
 7820
 4623
 2226
 4777
 2544
   84
 5339
  466
 8331
  768
 7173
 1536
 1440
 6836
 2972
 1741
 6995
 4178
 4337
  168
 3038
 2996
 7137
 5559
 7874
 9115
 5732
 4230
 8155
 5491
  915
 7331
 8031
 9054
 3804
 1545
 8323
 8260
 7767
 6808
 5972
 4471
 5213
  349
 8818
 4200
 2412
 1423
 6004
 2769
 3818
 5482
 1693
 9241
 1453
 2491
 1978
 2588
 4576
 9632
 2909
 5324
 2917
 2710
 5095
 2984
  343
 5165
 6678
 5412
 8093
 8604
 9976
 6528
 3135
  881
 9948
 5287
 3212
 7901
 8151
 2283
  763
 5752
 8655
 7851
 7222
 5188
 9875
 8930
 3711
 6805
 9330
 8322
 6359
 8673
 9749
 6685
 1315
 1546
 2716
 6492
 9862
 4642
 9994
 3603
 1735
 7690
 1321
 5180
 5596
 3452
 3509
 3821
 7136
 3394
 2645
 8185
  392
 1781
 6910
 3834
 4761
 8332
 1430
  480
 4710
 6877
 2979
 2154
  437
 5505
 1851
 6452
 3000
 4887
 1605
 9828
 6873
  679
 9060
 8765
  813
 1759
 9933
 1930
 5634
 8876
 5897
 1487
 7148
 9181
 6182
 1844
 8413
 9860
 9768
   48
 8154
 5722
 6730
 8580
 9284
 6032
 5827
 1429
 1033
 4176
 1361
 2016
 3918
 4987
 9966
 8339
 9096
 3764
 9790
 5371
 4150
 4747
 8733
 2329
 8411
 7281
 7346
 7987
 6652
 3859
  242
 1012
 7206
 3265
 6443
 5272
 9377
 9332
 1663
 9347
 2674
 3908
 3115
 6353
 7763
 5529
 9990
 5541
 7499
 9279
 8900
 7172
 8608
 2904
  956
 8891
 2643
 2655
 3922
  161
 4552
 2054
 9957
 5763
 1251
 5769
 8738
 1150
 5648
 5886
 1121
 8103
 6401
 2299
 9637
 3777
 6086
 2409
 6747
 4208
  182
  492
 6600
 8828
 3376
 2943
 1854
 6986
 5283
 5035
 8755
 8449
 2524
  116
 5280
  966
 7637
 8278
 9898
 7830
  803
 8346
 5618
 9811
 7040
 6263
 3781
 7190
 2260
 5353
 5457
 5705
 9780
 2855
 6257
 6128
 8203
 7129
 7403
  694
 8820
 8607
 4031
 2782
 7510
 8628
 8889
  714
 1365
 6381
 4454
 2074
 3893
 3661
 4354
 1148
 6483
 7700
 7984
 1074
 7130
 5388
 3904
 5638
 8008
 4215
 8559
 6134
 1198
  281
 1419
 1721
 2741
 2456
 9835
  637
 5898
 7853
 8272
 3320
 6173
 3905
 9348
 4423
 8045
 3095
 8157
 4328
 9911
 8459
 1037
 7125
 3736
   83
 2750
 8588
 5949
   59
 4080
 3704
 6121
 7300
  286
 5037
  518
 9159
 1068
 3957
 1343
 2597
  653
 5461
 7099
 3761
 9227
 5568
  150
 8246
  503
 5446
 5917
 4271
 4708
 5094
 6958
 3946
 6235
 7506
 9494
 4861
 7653
 4475
 4338
 4567
 9509
 3467
 5187
 3327
 8050
 7458
 9349
 8162
 3811
 2401
 3768
 6725
 8808
 8311
 2955
 4262
 8176
 6025
 9032
 1875
 2214
  120
  119
 3389
 9699
 1454
 6825
 6312
 8811
 5603
 1038
 3478
 7867
 3214
 6140
 9603
  987
 3510
 7973
 6513
 2694
 3257
 2879
  572
 4512
 4674
 1994
 6908
 8247
   47
 9127
  202
 8471
 5884
 8641
  473
  388
 5143
 2535
 3679
  405
 2770
  544
 4330
 8342
 8079
 7498
 9605
 6223
 7787
 2633
 1910
 7432
 6620
 9733
 2092
 9781
 5181
 1656
 3585
 5133
 9808
  811
 3387
 6285
 1407
 6994
 9440
 2837
 6212
 2206
 8959
 1950
 9257
  400
 4754
 7762
 9197
 9092
 2406
 7436
 7577
 9695
 2815
 1348
 2912
 2577
 3094
 7887
 3431
 1739
 6062
 2175
 2007
 8730
 5800
 6953
 9024
 4842
 7650
 8491
  736
 9157
 6709
 4808
 7201
 5642
 8001
 9035
 9456
 7519
 3013
 5278
 3795
 2316
 1026
 4735
 6883
 1771
 2222
 3396
 8034
 8441
 7539
 5137
 5042
 8397
 1957
 7850
 4365
 2688
  657
 9502
 6862
 6085
 6804
 2605
 4699
 7079
 8929
 5091
 9904
 9221
  144
 1481
 8965
  130
 5222
 6619
 5625
 9063
 6350
 1864
 5564
 2885
 7997
 1917
 6830
 3474
 1726
  994
 8874
 7383
 4231
 7634
 5005
 4711
 8690
 9275
 8186
 2859
 7447
 1129
 7629
 4958
 6541
 8387
 3054
 2695
  798
 8553
 9646
 8149
  943
 1352
 4055
 2629
 1422
 3404
 2563
 2949
 4768
 3350
 1412
 3619
 8317
  482
  664
 5811
 1136
 7514
 2699
 6236
 3288
 4287
 7994
 7105
 2433
 3314
 2873
 6163
 8558
 8158
 9800
 4268
 8680
 1255
 6956
 6422
 1856
 7911
   33
 2832
 9852
 3525
 5323
  936
 6579
 5502
 5034
 5370
 5480
 3923
 1341
 6863
 7095
 4335
  858
 2265
 9292
 9321
 3700
 1722
 5210
 1257
  685
 3911
 2759
  325
 3021
 4965
 6355
 9620
 3439
 2827
 3406
 7585
 2152
 6099
 3342
 8388
 5873
 2417
 6219
 9658
  335
 1729
 3567
 3097
 4885
 6857
 5860
 7475
 3472
 5074
 7405
 9734
  523
 8237
 7408
 1933
 4026
 9549
 7484
 7600
 7501
 7863
 4185
 3276
 5138
 5479
 8584
 8051
 5344
 4904
 7494
 2165
 6183
 2423
  101
 7811
 5624
 6406
 3912
  421
 3193
 1103
 3559
 7451
 1100
 2985
 7394
 6833
 7812
 5785
 8349
  921
 5693
 7784
 5225
 5101
 6226
 8474
 5952
 6159
 5447
  264
 2218
 2221
 9618
 1190
 2862
  353
 9191
 6044
 6076
 1797
 2415
 3852
 6255
 5451
 1069
 6379
 8562
  920
 7318
 6319
 2522
  898
 5966
 6941
 4563
 4118
 9207
 9342
 3149
 4893
 6451
 3414
 6124
 8140
 5336
 4116
 7064
 2900
 9528
 6269
 4432
 1002
 4749
 4112
 7344
 5718
 6580
 9203
 1107
  615
 6246
 6909
 7917
 6962
 8670
 4527
 1749
   81
 7330
 8482
  164
 7701
 5508
 2047
 2505
 6313
 2852
 9967
 1585
 8612
 3082
 8088
  338
 7275
 8287
 7347
 4007
 7020
 7202
 2093
 7910
 1486
 9817
 9512
 3374
 1705
 8377
 6493
 8794
 1090
 7027
 4315
 6494
 2249
 6071
 2623
 9687
 9572
 4828
  125
 4065
 7822
 3595
 1859
  203
 5277
  128
 7504
  153
 6315
 6728
 7607
 4666
 3109
  442
 5351
 6383
 4076
   45
 2659
 8989
 6332
 8092
 3131
 4583
 5425
 4978
 7770
 5473
 4133
 1073
 5334
  937
 1480
 1097
 4001
 7908
 5175
 1185
 4436
 5669
 3610
 3263
 1320
  948
  841
 2807
 6037
 9350
 1587
 5119
 3207
 2932
 1609
 8122
 7595
  190
 3907
 9636
 1169
 8450
 5511
 9307
 8698
 5918
 6454
  602
 1027
 9532
 2585
 6103
 3483
 4192
 9697
 8748
 4495
 2988
  732
 1197
 1909
 9291
 1144
 8775
 6699
 7631
  105
  519
 9547
 4186
 1827
 1296
 1711
  968
 3712
 6362
 9940
 1180
 9626
 5550
 7508
 8906
 3484
 1662
 3405
 3767
 7933
 1641
 4684
 8852
  766
 5121
 1696
 9497
 1832
  396
 5019
  424
 4927
 8837
 1214
 9511
 9639
 7333
 1522
 1286
 6485
 5195
 9796
 1900
 2939
  949
 9144
 6414
 1379
 1624
 4095
 1449
 3230
  865
 1281
 2170
 8740
 5975
 3841
 4549
 2745
  302
 4300
 8078
 9708
 3617
 7778
 9198
 5058
 3659
 6349
 5039
 2677
  259
 3458
 5488
 6252
  258
 8597
 4834
 1598
 6795
 1813
 9627
 2957
 7914
 9285
 4926
 2717
  142
 3719
 5736
  253
 1134
 3696
   71
 6029
 3693
 6008
 7283
 2097
 6576
 2592
 2572
 5516
 6546
  268
 3298
 4010
 3938
 4698
 8845
 4785
 8942
 5299
 1717
 9742
 3311
  855
 2857
 2811
 8039
 1473
 2290
 1946
 3281
 9443
 1702
  869
 3793
 3808
 7133
 8438
 2607
 1582
 6283
 2204
 7815
 2723
 1727
 2725
  822
 1655
 6522
 4523
 4431
  543
 9932
 5024
 8525
 3016
 2748
 7231
 2256
 5957
 8252
 3270
 3261
 3192
 3232
 9122
 1396
 2391
 6903
  363
 2470
 4355
 8548
 9238
  927
 6607
 1840
 4733
 7270
 4772
 8923
 4705
 5824
 8636
  880
 2291
 6732
 4920
 8057
 8826
   94
 5632
  879
 2322
  950
 4798
 7409
 7176
 5822
 8302
 5692
 7042
 4206
 7891
 8089
 4953
 8036
 7131
 3466
 2594
 1222
  666
 3612
 7890
 9200
 7580
 4981
 6944
 3589
 1306
 5854
 1028
 4105
 8993
 3550
 9891
  199
 8250
 3427
 1858
 2501
 2033
 2327
 5500
 8167
 9361
 2562
  501
  484
 5030
 1459
 3278
 8074
 8856
 1071
 2778
 8996
 2396
 2609
 3547
 9112
  940
 1550
 6885
 9218
 4168
 4636
 2553
 9378
 7610
 9091
 5397
 6949
 4812
 6038
  591
 7075
 7556
 2478
 7269
  297
 2444
 5858
 8555
 6676
 5178
 7368
  845
 1316
 6521
 7505
 7444
 1175
 8803
 8960
 7465
 3871
 5125
 1513
 2311
 8113
 6837
 6622
 9849
 3205
 2225
 1981
 1457
 2861
 1782
 6710
 7959
 1385
  298
  292
 4008
 7321
 3868
 2573
 3362
 3444
 6643
 2603
 8358
 4697
 6444
 5285
 5117
 9256
 7036
 5993
  483
 4283
 6267
 9302
 9466
 8208
 4531
 1414
  532
 7977
 2951
 4497
 7254
 4919
 4643
 5327
 9043
 9899
 9826
 2071
 9610
 5096
  718
 8254
 5050
 9539
  312
 5495
  535
 6831
 2538
 9121
 4264
 2825
  195
 8249
 8715
 5780
 5302
 9336
 1607
 3706
 1906
 8871
  485
 5678
 6177
 5086
 3955
 2771
 7013
 3069
  243
  964
 2775
 3235
 7656
 3740
 5023
 3926
 7324
 4740
 2537
 1830
   74
 4716
  751
 4731
 5428
   90
 1868
 6392
 6438
 8566
 5017
 7923
 7905
 3106
 7205
 8003
 5630
 4776
 5853
 3408
 1193
 2202
 4704
 1986
 7530
 3788
 9640
  725
 2690
 1965
 2481
 6342
 7476
 8832
 8937
 2360
 7188
  227
 6633
 7455
 1063
 7970
 3806
 6634
  536
 2619
 2502
 8305
 1922
 3645
 6583
 9503
 9104
 9499
 9266
 2896
 5354
 6553
 5406
  868
 3889
  854
 7035
 8023
 7094
 3990
 3523
  463
 8120
 8215
 4444
 2184
 6498
 2664
 2736
 9883
 3287
 4753
 3710
 6753
 2141
 3593
 8340
 6322
 3388
 6240
 3393
 1790
  516
 2831
 4214
 3446
 5189
 9289
 2631
   15
 6683
  817
 1789
 5191
 4968
  476
 4094
  645
 1456
  603
 4005
 2246
 9896
 9514
  311
 9080
 1463
 9305
 2418
 5721
 7537
 6432
  652
  827
 5813
 7340
 3142
 3117
 2792
 5481
 6657
 9725
 5894
 4455
 1017
 5242
 5395
 8642
 9062
 7278
 7764
 5217
 2330
 6768
 9441
  717
 7827
 1616
 6523
 5010
 1767
 7051
 5114
 9585
 4625
 3542
  651
 2364
 8582
 7964
 5710
 4857
 4677
 5779
  414
 6974
 6648
 5433
 8638
 4480
 1153
 6982
  642
 5049
 1755
  447
  756
 9805
 5842
 6664
 9917
 7838
 9738
 7472
 9403
 1942
 8967
 8514
 5292
 9172
 7800
 2228
 2647
 6893
 9073
 6201
 5540
 3886
 8032
 1231
 2243
  127
 1544
 9592
 6829
 5418
 5626
  527
 7932
 5839
 1534
  820
 1818
 6055
 6559
 1874
 6532
 5315
 8296
 6736
 2302
 3378
 5040
 8144
 3402
 4051
 1592
 4362
 7529
  266
 8821
 9959
  851
 5958
 9753
 1013
 1421
 8702
 5065
 2062
 3964
 4949
 8688
 7303
 9961
  899
 7308
 9009
 1975
 1791
 7543
 6141
 9650
  716
 7025
 4486
 5535
 6669
  839
 8421
 4641
 9346
 5835
 3171
 5990
 7438
 2890
 6796
 1035
 6168
 5436
 5574
 4825
  397
 2654
  907
 1589
 5501
 8795
 1325
 8543
 1774
 8347
 5186
 3400
 2143
  109
 5714
 2571
 2339
 3648
 1311
 6264
 5224
 9068
 7954
 9199
 8624
 3898
 4217
 9919
 7113
 7473
 2484
 9389
 8325
 7963
  529
  244
 6917
 6880
 3238
 7664
 9731
 7001
 1998
 3561
  472
 5645
 7441
 2480
 8189
 6457
 6876
   82
 4524
 8394
 8530
  876
 5985
 7636
 4123
 9505
 6772
   61
 5931
 9219
 2780
 7837
  184
 2471
 6587
 8127
 3727
 3875
 4683
 3974
 6475
 4996
 4712
 4136
 1918
  884
 3563
 5987
 9912
 7913
 1113
 5875
 3453
 2337
 9518
 4525
 3564
 4496
 8194
 5099
 8704
 6872
 8500
 9873
 1106
 8851
  930
 6526
 3258
 4832
 6542
 6791
 4409
 8300
 3786
 4638
 3401
 9841
 8915
 8684
  849
  787
  843
 9408
 6247
 1847
 7946
 9561
 9680
  151
 6971
 5229
 1275
 1272
 7655
 9868
 2458
 8313
 7255
 3430
 9700
  816
 3239
 4516
 6466
 5350
 2536
 9621
 9551
 2606
 2105
 3009
 6481
 9648
 8705
 3750
 9750
 1333
 4506
 1718
 5431
 2385
 8395
 9569
 5274
 3517
 6224
 8105
 8341
 8276
 8483
  595
  265
 8512
 8912
 7062
 4895
   56
 5258
 9974
 4868
 1644
 6628
 8789
 8038
 8427
 6064
  474
 3734
 5400
 3713
 9101
 4269
 7857
 6976
  757
 1533
 2898
 8750
 8352
 5869
 2230
 5597
  703
 1462
 5200
 7335
 5007
 4771
 3172
 3182
  864
 8751
 8355
 9126
 6151
 2326
 1340
 5579
 4925
 6117
 5908
 4077
 5744
 4339
 7282
 8055
 7559
 6924
 8275
 8986
 2167
   13
 6878
 5193
 2613
 9364
 6536
 2474
 8228
  357
 9710
  802
 5062
   29
 1245
 4931
 2895
 6490
 7265
 7590
 7990
 1469
 5441
 2145
 3177
  147
 5882
 6230
   52
 1043
 4659
 7280
 4493
 8455
 8696
 2956
  380
 7180
 5988
 2763
 6757
 6855
 3744
 3438
 9426
 8279
 4103
 3103
 8150
 4603
 6101
 1115
 4748
 7104
 1966
 7660
 6752
 5960
 6556
 8378
 2464
 3931
 6288
 5097
 5872
 8822
 7676
 5612
 6009
 3743
 9301
 6636
 6721
 6714
 2209
 4063
 5899
 8903
 3176
 2282
 5662
 9846
 1499
 7523
 7360
 9211
 3284
 4241
 9577
 4172
 5172
 1349
 1223
 2267
 7799
 7186
 2992
 7547
 7309
 1046
 2320
 7956
 9722
 9981
 2584
 9819
 3591
   85
 2075
 4257
   57
 2449
 9871
 7906
 8434
   93
 5808
 1431
 8419
   32
 1021
   42
  558
 2479
 6205
 2358
 8062
 6066
 3226
 6460
 9445
 2995
 1450
 3296
 3075
 2434
 5950
 1056
 2682
 2517
 6249
 7671
 9628
 6306
 8099
 9629
 4232
 4599
 9691
 6358
 7988
 8366
 2749
 5947
  728
 7898
 8320
 7940
 9866
 2977
 9129
 6162
  853
 6533
 4984
 1581
 4713
 2691
 2665
 1515
  662
 1356
 3324
 5507
 8484
  458
 1267
 7298
 7312
   79
 9106
 5004
 1650
 4645
 7795
 8957
 7379
 3528
 9327
  800
 1792
 1555
 9789
 4916
 7528
 4535
 4334
  722
  985
 8274
 8014
 7715
 5493
 1816
 5301
  559
 2324
 6308
 7398
 5176
 2353
 8385
 1742
 9128
 8489
 2467
 8488
 2351
 1094
 3409
  368
 1044
 7166
 8570
 6939
 1123
 5282
 8175
 8214
 8134
 8648
 1336
 4867
 6932
 4129
 2678
 1490
 6331
  563
 2095
 1030
 2120
 8650
 9652
 1743
 6352
 8430
 8764
 2929
 2081
 1279
 3953
 1597
 1436
 5591
 6295
 1372
 6686
 2743
 6689
 7623
 8842
 2116
 5986
 7841
 7849
 9718
 6346
 9186
 1194
  420
 7418
 4461
 3865
  938
 5896
 5183
  632
 5246
 3037
 7116
 3267
  194
  438
 5702
 3615
 9689
 7789
 9491
 1724
 2935
 6282
 8746
 5593
 3218
 9258
 8771
 6082
 7442
 8854
 1645
 4169
 4787
 7239
  934
 5608
 2528
 4758
 2220
 2201
 4839
 6119
 5263
 1606
 2523
 2683
 7355
 4723
 5723
 7338
 7698
 7856
 6477
 7461
 8785
 9823
 5151
 8493
 4326
 7643
 3577
 9715
 9531
 4729
 7141
 8293
 2869
 6122
 7750
 1208
 1951
 5694
 7015
 9118
 9069
 6940
 5331
 5978
 8518
 2447
  856
 7121
  904
 5715
  375
 3763
 5410
 4356
 6324
 5948
 4246
 6764
 4407
 1809
 8532
 9558
  733
 4999
 1367
 6824
 7960
 8218
 7443
 6172
 5605
 8545
 7342
 8757
 5652
 7056
 4087
 1764
 9167
 1778
  692
 9557
 2504
 3355
  385
 3300
 1101
 7267
 5303
 8473
 3573
 1821
 8138
 4120
 6575
 8594
  498
 8028
 1141
 5866
 1334
 2871
 9277
 5911
 7845
 9540
 2088
 1763
 7511
 9048
 7693
 9138
 7720
 1259
 5356
 9103
 9339
 2490
  407
 6979
 6170
 8777
 8780
 9624
 6759
  217
 2589
 5942
 4347
 7843
 3557
 9077
 4767
  774
 3540
 2516
 4418
  723
  961
 7899
 2375
 8632
 1507
 5235
 7174
 6895
 1024
 9977
 9081
  376
 4979
 3392
 9679
 5659
  165
 3269
 5941
 4648
 1577
 3738
 9345
 7649
 6744
 9496
 8132
 5734
 4155
 6800
 1617
 8585
  911
 2410
 9143
 4090
 6373
 3015
 6997
 9978
 1945
 2043
 5438
  669
 6925
 7542
 4054
 5984
 9231
 4661
 4924
 8778
 1516
 6578
 8241
 4657
  638
 4846
 1120
 6127
 5936
 4066
 5376
 7086
 3598
 7217
 6842
 8362
 4906
 5053
 4098
 8012
 5196
 1446
 6756
 2064
 6017
 7382
 4289
 5382
 5063
 6049
 5790
 6385
 3856
 9214
 6731
 5398
 5818
 3242
 4386
 5464
 8788
 6156
  401
 7780
 5296
 5724
 3416
 8549
 2804
  141
 5465
  735
 1512
 4997
 4290
 4293
 4427
 4566
 1795
  654
 1482
 6887
 6160
 1802
 3035
 9155
 6618
 4179
 8026
 7903
 1086
 3208
 2732
 9818
 8052
 5809
 6198
 9323
 9319
 9459
 4900
 1542
 4325
 9017
 6484
 1318
 5190
 4797
 6000
 8869
 4314
 6712
 5118
 2215
 6108
 5700
 2762
 5408
 9416
 8386
 7389
 7468
 1511
 1710
 5717
 2199
 2656
 4851
 7752
 3749
 4700
 9993
 5997
  493
 5937
 6052
 8054
 9333
 7495
 1060
  555
 1540
 4061
 7644
 2310
 2169
 3008
 3783
  270
 7194
  578
 8645
 9717
  448
 1018
 6468
 7896
 5216
 7819
 4679
 3654
 3025
 5275
 8221
 1666
 3373
 9884
 2286
 8470
 2881
 8844
 5640
  205
10000
 3952
 4282
 7915
 2419
 8630
 4580
 3018
 6551
 5647
  588
 8129
 8195
  211
 5610
 5490
 4284
 3144
 4755
 8227
  411
 5329
 5375
 8017
  417
 2156
 3724
 8115
 9436
 9479
 7018
 5513
 3254
  702
 9965
 4899
  648
 9464
 5964
 2946
 4121
 5759
 7912
 1142
 4156
 1247
 3543
 2111
 1867
 6491
 4854
 9856
 6195
 1373
 9050
 5504
 9189
 7388
 8389
 6870
 7916
  806
 4073
 1475
 3839
 5924
 8659
 9045
 1474
 5084
 8458
 7002
 6852
 8085
 5528
 4458
 4622
 3885
 9358
 7512
 9810
 3735
 7705
 5243
 3670
 6516
 3282
 3366
 2541
 4079
 6735
 6135
 9427
 3667
 4180
 5844
 9865
  230
 2394
 2453
 6785
 4702
 3167
  790
 7741
 6977
 4591
  610
 8520
 9397
 3978
 4421
 1216
 8356
 7145
 5578
 5020
 2845
 2958
 6327
 2323
 2653
 3586
 5556
 8059
 4030
 5913
 4313
 3173
 4159
 3660
 7189
  460
 8321
 7934
 6978
 5343
 1032
 9927
 3799
 2864
  294
 8939
 5394
 4745
 5268
 5378
 5130
  365
  706
  809
  257
 2878
 9645
  331
 3822
 7709
  110
  274
 1477
 9829
 9460
  782
 1608
 7045
 9595
 5670
 6512
 2098
 1368
 5503
 5077
 9989
   50
 5871
 2454
  507
  213
 7366
 8143
 7253
 7569
 1865
  850
 4250
 8998
 5850
 9263
 1064
 2465
 8178
 3823
 1701
 2020
 7329
  658
 4995